26 8 32 30 11 2 3 5 9 9 12 11 17 27 23 24 1 1 2 31 34 32 1 1 1 1 1 1 1 1 2 2 23 3 5 6 8 1 2 4 5 6 5 5 5 5 5 5  5 5 5
32 1 1 1 1 1 1 1 1 2 2 23 3 5 6 8 1 2 4 5 6 5 5 5 5 5 5  5 5 5
32 1 1 1 1 1 1 1 1 2 2 23 3 5 6 8 1 2 4 5 6 5 5 5 5 5 5  5 5 5
32 1 1 1 1 1 1 1 1 2 2 23 3 5 6 8 1 2 4 5 6 5 5 5 5 5 5  5 5 5
32 1 1 1 1 1 1 1 1 2 2 23 3 5 6 8 1 2 4 5 6 5 5 5 5 5 5  5 5 5
32 1 1 1 1 1 1 1 1 2 2 23 3 5 6 8 1 2 4 5 6 5 5 5 5 5 5  5 5 5
32 1 1 1 1 1 1 1 1 2 2 23 3 5 6 8 1 2 4 5 6 5 5 5 5 5 5  5 5 5
32 1 1 1 1 1 1 1 1 2 2 23 3 5 6 8 1 2 4 5 6 5 5 5 5 5 5  5 5 5
32 1 1 1 1 1 1 1 1 2 2 23 3 5 6 8 1 2 4 5 6 5 5 5 5 5 5  5 5 5
32 1 1 1 1 1 1 1 1 2 2 23 3 5 6 8 1 2 4 5 6 5 5 5 5 5 5  5 5 5
32 1 1 1 1 1 1 1 1 2 2 23 3 5 6 8 1 2 4 5 6 5 5 5 5 5 5  5 5 5
32 1 1 1 1 1 1 1 1 2 2 23 3 5 6 8 1 2 4 5 6 5 5 5 5 5 5  5 5 5
